%YAML:1.0

#--------------------------------------------------------------------------------------------
# Camera Parameters. Adjust them!
#--------------------------------------------------------------------------------------------

# Camera calibration and distortion parameters (OpenCV) 
Camera.type: "PinHole"

Camera.fx: 763.9
Camera.fy: 763.08
Camera.cx: 647.69
Camera.cy: 474.58

Camera.k1: 0.15269
Camera.k2: -0.15797
Camera.p1: 0.002668
Camera.p2: -3.24e-04

Camera.bFishEye: 0
Camera.width: 1280
Camera.height: 960

# Camera frames per second 
Camera.fps: 30

# Color order of the images (0: BGR, 1: RGB. It is ignored if images are grayscale)
Camera.RGB: 1

# stereo baseline times fx
Camera.bf: 45.834


# Close/Far threshold. Baseline times.
ThDepth: 35.0

#--------------------------------------------------------------------------------------------
# Stereo Rectification. Only if you need to pre-rectify the images.
# Camera.fx, .fy, etc must be the same as in LEFT.P
#--------------------------------------------------------------------------------------------
# 相机拍摄的图像尺寸
LEFT.height: 960
LEFT.width: 1280
# 畸变系数
LEFT.D: !!opencv-matrix
   rows: 1
   cols: 5
   dt: d
   data:[ 1.5269216074882222e-01, -1.5797627457897437e-01, 2.6682206368676591e-03, -3.2481947560312709e-04, 0. ]
# 相机内参
LEFT.K: !!opencv-matrix
   rows: 3
   cols: 3
   dt: d
   data: [ 7.6390013059309786e+02, 0., 6.4768755551094932e+02, 0., 7.6308504539257433e+02, 4.7457800822101080e+02, 0., 0., 1. ]
# 在立体校正过程中，相机为实现共面过程中所需要进行的旋转
LEFT.R:  !!opencv-matrix
   rows: 3
   cols: 3
   dt: d
   data: [0.999966347530033, -0.001422739138722922, 0.008079580483432283, 0.001365741834644127, 0.9999741760894847, 0.007055629199258132, -0.008089410156878961, -0.007044357138835809, 0.9999424675829176]
# 在立体校正过程后，相机在新坐标系下的投影矩阵
LEFT.P:  !!opencv-matrix
   rows: 3
   cols: 4
   dt: d
   data: [ 7.8542967202052546e+02, 0., 6.3870783233642578e+02, 0., 0., 7.8542967202052546e+02, 4.7154665374755859e+02, 0., 0., 0., 1., 0. ]

RIGHT.height: 960
RIGHT.width: 1280
RIGHT.D: !!opencv-matrix
   rows: 1
   cols: 5
   dt: d
   data:[ 1.5017545920132694e-01, -1.6328161224138835e-01, 1.8559116722091102e-03, -2.2742627962099723e-04, 0. ]
RIGHT.K: !!opencv-matrix
   rows: 3
   cols: 3
   dt: d
   data: [ 7.6562706222220743e+02, 0., 6.4794166485187964e+02, 0., 7.6400316007739661e+02, 4.7519500897265442e+02, 0., 0., 1. ]
RIGHT.R:  !!opencv-matrix
   rows: 3
   cols: 3
   dt: d
   data: [ 9.9998416180313698e-01, -5.1015657462820966e-03,
       -2.3770085851704797e-03, 5.0998139207723480e-03,
       9.9998672023239810e-01, -7.4246671639397041e-04,
       2.3807647618169963e-03, 7.3033265558748750e-04,
       9.9999689928187330e-01 ]

RIGHT.P:  !!opencv-matrix
   rows: 3
   cols: 4
   dt: d
   data: [ 7.8542967202052546e+02, 0., 6.3870783233642578e+02, -4.7222705413960604e+04, 0., 7.8542967202052546e+02, 4.7154665374755859e+02, 0., 0., 0., 1., 0. ]

#--------------------------------------------------------------------------------------------
# ORB Parameters
#--------------------------------------------------------------------------------------------

# ORB Extractor: Number of features per image
ORBextractor.nFeatures: 1200

# ORB Extractor: Scale factor between levels in the scale pyramid 	
ORBextractor.scaleFactor: 1.2

# ORB Extractor: Number of levels in the scale pyramid	
ORBextractor.nLevels: 8

# ORB Extractor: Fast threshold
# Image is divided in a grid. At each cell FAST are extracted imposing a minimum response.
# Firstly we impose iniThFAST. If no corners are detected we impose a lower value minThFAST
# You can lower these values if your images have low contrast			
ORBextractor.iniThFAST: 20
ORBextractor.minThFAST: 7

#--------------------------------------------------------------------------------------------
# Viewer Parameters
#--------------------------------------------------------------------------------------------
Viewer.KeyFrameSize: 0.05
Viewer.KeyFrameLineWidth: 1
Viewer.GraphLineWidth: 0.9
Viewer.PointSize:2
Viewer.CameraSize: 0.08
Viewer.CameraLineWidth: 3
Viewer.ViewpointX: 0
Viewer.ViewpointY: -0.7
Viewer.ViewpointZ: -1.8
Viewer.ViewpointF: 500

